199902282370 1873 1346 -527
200001230170 2009 1485 -524
200204070030 2136 1696 -440
199901243850 1915 1552 -363
199707203840 1736 1400 -336
199712145850 1760 1428 -332
200307121210 2205 1882 -323
199901012080 1868 1557 -311
200708178151 2299 2007 -292
200104227420 2048 1765 -283
200909079451 2239 1959 -280
199507307120 1559 1291 -268
200104017220 2060 1812 -248
199902079300 1899 1654 -245
199810306750 1844 1616 -228
199802097800 1658 1437 -221
199502120400 1516 1296 -220
199808099510 1791 1571 -220
199808232280 1757 1540 -217
199704130650 1656 1440 -216
199603037750 1542 1333 -209
200808158841 2306 2097 -209
200707222201 2342 2135 -207
200205055490 2138 1934 -204
199801257690 1715 1517 -198
199405145500 1363 1170 -193
199701269790 1690 1503 -187
199605238410 1643 1458 -185
201004254111 2236 2056 -180
199712204940 1724 1549 -175
200203103860 2125 1952 -173
199511128940 1511 1344 -167
199912051450 1985 1819 -166
199906043710 1939 1784 -155
199912266150 1984 1832 -152
200308179020 2207 2061 -146
200811300551 2292 2147 -145
200310057490 2204 2060 -144
200902165151 2275 2133 -142
200003268750 1966 1829 -137
200702190021 2356 2223 -133
199601286560 1502 1372 -130
200803231291 2287 2159 -128
199804051910 1748 1622 -126
200409067720 2232 2106 -126
199403060900 1375 1254 -121
199311070550 1377 1261 -116
200707048081 2357 2245 -112
200707048081 2357 2245 -112
200606187791 2291 2180 -111
200906215351 2251 2141 -110
199504027610 1531 1422 -109
200103042690 2054 1945 -109
200002066340 1978 1874 -104
201207292572 2307 2203 -104
200812298791 2281 2178 -103
199707134050 1771 1669 -102
199811149010 1891 1789 -102
200105288730 2051 1949 -102
199312056610 1359 1258 -101
201107043831 2285 2184 -101
199809279770 1802 1711 -91
200604090491 2300 2209 -91
201208189192 2289 2199 -90
200405315180 2259 2172 -87
200408017280 2250 2163 -87
200009044850 1985 1901 -84
199412293230 1533 1450 -83
200212011790 2135 2052 -83
199804245180 1728 1648 -80
199412012490 1477 1398 -79
201008088691 2211 2133 -78
199707275080 1752 1676 -76
200510167961 2312 2237 -75
200905257861 2252 2177 -75
200502219611 2266 2195 -71
199402248950 1378 1310 -68
199501292930 1552 1486 -66
199404179650 1354 1290 -64
200904216681 2261 2197 -64
200803306631 2280 2218 -62
200601227701 2301 2242 -59
200910119211 2233 2175 -58
199401098160 1345 1289 -56
199804030310 1771 1716 -55
201006130511 2240 2185 -55
201111273861 2323 2268 -55
199712050750 1758 1704 -54
200907059701 2256 2204 -52
200911295071 2238 2186 -52
199610137390 1728 1677 -51
199410025120 1472 1422 -50
199605274650 1676 1627 -49
199905317000 1914 1865 -49
200610083821 2295 2246 -49
200310195070 2197 2149 -48
199408258690 1442 1399 -43
200412291751 2261 2219 -42
200906073411 2257 2217 -40
199904256610 1963 1924 -39
200008068620 2007 1968 -39
200203034450 2119 2080 -39
200604161801 2296 2259 -37
200408151690 2246 2211 -35
200511275501 2305 2270 -35
200712294711 2297 2262 -35
200904124141 2266 2232 -34
199405308620 1388 1357 -31
201306094152 2301 2272 -29
199310283320 1383 1355 -28
200508211191 2300 2274 -26
199409058830 1454 1431 -23
199908012520 1929 1906 -23
199403266460 1387 1366 -21
200210141580 2149 2134 -15
200302178780 2159 2147 -12
199812294050 1918 1907 -11
200212218400 2141 2130 -11
200111180080 2157 2147 -10
200404041970 2267 2257 -10
200903082981 2274 2265 -9
201109054751 2309 2301 -8
201005233621 2234 2227 -7
199702095840 1698 1693 -5
201204086022 2301 2297 -4
200912293801 2237 2235 -2
200209022370 2149 2148 -1
201106126551 2306 2305 -1
201106261271 2305 2304 -1
200312292730 2238 2238 0
199607145880 1644 1645 1
200904268481 2262 2264 2
200003059070 1997 2000 3
200402081280 2254 2258 4
201112294511 2324 2328 4
199902265730 1896 1902 6
200711254811 2303 2309 6
201211252982 2316 2323 7
199401301860 1391 1399 8
200108127100 2130 2138 8
200001306100 1989 1998 9
199808079350 1807 1817 10
200512292531 2308 2318 10
199706061660 1784 1795 11
200302029800 2158 2169 11
199711162000 1749 1763 14
200908090361 2262 2278 16
200205271750 2141 2159 18
200704084871 2359 2377 18
200701159251 2367 2387 20
201306021742 2306 2327 21
199805254010 1777 1800 23
199809128890 1815 1840 25
199501084160 1533 1560 27
200004096530 2003 2030 27
200410176000 2260 2287 27
200809013261 2310 2339 29
199410272630 1476 1506 30
200411287300 2266 2298 32
201011288371 2293 2326 33
200307201640 2210 2244 34
200801210681 2301 2335 34
199810021240 1807 1842 35
199908222590 1937 1974 37
200607163691 2300 2338 38
199906110640 1933 1973 40
200605211421 2300 2341 41
201108219121 2288 2330 42
201203115892 2303 2346 43
201012299531 2295 2342 47
200407185600 2263 2311 48
200708127351 2347 2395 48
200807209401 2337 2386 49
199501169430 1518 1568 50
199912035770 2023 2073 50
200606259631 2295 2346 51
200901195591 2287 2338 51
199309062370 1389 1441 52
199709014030 1711 1764 53
200106092540 2064 2117 53
199811077910 1855 1912 57
199602113790 1514 1573 59
200012297970 2039 2099 60
200506125291 2286 2346 60
200409198210 2257 2319 62
200102256630 2048 2111 63
200910254331 2240 2303 63
200704290931 2371 2437 66
200805263821 2302 2369 67
199409228380 1466 1534 68
199802273230 1736 1804 68
200402168760 2268 2337 69
200806087901 2314 2383 69
200906164221 2261 2332 71
199402135260 1392 1464 72
199805163730 1774 1847 73
199709289970 1716 1791 75
199909265670 1997 2072 75
200509054591 2309 2385 76
199802015220 1741 1818 77
200509187881 2316 2394 78
199807194810 1790 1872 82
200505086761 2275 2357 82
199710256570 1726 1810 84
200501173281 2273 2359 86
200305261550 2189 2279 90
201101081001 2305 2395 90
200802189791 2312 2403 91
200610227171 2303 2395 92
199803013350 1767 1860 93
200301203110 2154 2247 93
200602206151 2313 2408 95
199803086650 1783 1881 98
199505291340 1528 1627 99
201309023852 2319 2419 100
199909064490 1968 2070 102
200611267751 2320 2423 103
199405083800 1392 1496 104
200307063100 2223 2327 104
200706102231 2384 2488 104
200306156360 2202 2309 107
201110106261 2327 2434 107
199407281570 1393 1502 109
200309143150 2219 2331 112
200401196200 2253 2368 115
200507315921 2299 2419 120
200307274430 2222 2346 124
199705110810 1747 1872 125
199810112430 1834 1961 127
200204139170 2133 2262 129
201001189671 2259 2389 130
199811273290 1890 2021 131
199901101980 1894 2025 131
200805037721 2296 2427 131
201108280931 2311 2442 131
201210085952 2314 2445 131
199910107150 2022 2154 132
199412042440 1504 1646 142
199602229040 1538 1681 143
199706084940 1776 1919 143
200108107900 2121 2265 144
201206178762 2316 2462 146
199705269470 1729 1879 150
199903077070 1906 2057 151
200807065761 2331 2483 152
200104088040 2071 2227 156
200207141510 2152 2310 158
200101281120 2066 2230 164
199501261800 1548 1718 170
200102044630 2067 2237 170
201010110591 2248 2419 171
199505148210 1505 1677 172
199904116590 1937 2109 172
200005296270 2017 2189 172
199505190580 1592 1766 174
199608014460 1663 1837 174
199803151520 1761 1935 174
199502234980 1551 1726 175
199406232090 1447 1625 178
199809075420 1809 1988 179
199704292990 1681 1868 187
199506042850 1564 1752 188
200109033940 2158 2358 200
199609028500 1733 1936 203
200012102020 2032 2235 203
201010245681 2288 2493 205
199604142510 1639 1846 207
199401271630 1385 1609 224
199603109640 1595 1821 226
200201273000 2134 2364 230
200409143130 2252 2498 246
199708019350 1781 2031 250
200304131740 2179 2433 254
199605054140 1690 1946 256
200311302240 2239 2497 258
200612295031 2363 2648 285
200107153520 2102 2415 313
199711093620 1709 2074 365
